16 0.667272 0.440231 0.118178 0.082716
16 0.537375 0.509287 0.117842 0.080613
16 0.407644 0.576242 0.119199 0.078893
16 0.308312 0.456564 0.055693 0.038588
16 0.404929 0.444243 0.121916 0.084242
7 0.306275 0.405847 0.051619 0.049857
16 0.664214 0.570130 0.114785 0.077367
16 0.536871 0.635652 0.114802 0.075073
16 0.411042 0.699645 0.115125 0.073161
16 0.659630 0.692003 0.111051 0.072398
16 0.747255 0.680824 0.050022 0.032403
7 0.745187 0.723218 0.045164 0.040574
17 0.533626 0.563224 0.567683 0.421957
