14 0.331148 0.326819 0.040866 0.030281
7 0.335174 0.287237 0.037799 0.038384
14 0.403667 0.319913 0.093096 0.066923
14 0.499081 0.380040 0.095982 0.067527
14 0.615605 0.328117 0.100676 0.069344
14 0.383839 0.430815 0.091012 0.064949
14 0.589978 0.442849 0.097804 0.067621
14 0.477061 0.490510 0.093389 0.065904
14 0.370086 0.536261 0.088639 0.064566
14 0.571809 0.551925 0.096107 0.066475
14 0.648236 0.548222 0.045405 0.030538
7 0.643163 0.586463 0.041856 0.037670
17 0.505581 0.436237 0.478312 0.373408
