16 0.381120 0.478622 0.045788 0.032689
8 0.372020 0.435451 0.041680 0.041114
16 0.461100 0.466652 0.098910 0.071487
16 0.674922 0.459222 0.092162 0.068517
16 0.474602 0.545157 0.100090 0.072645
16 0.689599 0.534095 0.092748 0.070002
16 0.587311 0.577682 0.097739 0.071323
16 0.483114 0.623662 0.100672 0.074460
16 0.699580 0.609712 0.093338 0.070993
16 0.495881 0.704148 0.100969 0.074954
16 0.713081 0.687473 0.093923 0.071652
16 0.787293 0.672736 0.040616 0.031044
8 0.797121 0.715021 0.038325 0.039891
17 0.586031 0.587028 0.517024 0.400649
