15 0.364134 0.330116 0.028481 0.051404
15 0.411030 0.322317 0.061279 0.112524
15 0.511795 0.341370 0.061710 0.111240
7 0.368018 0.264009 0.022728 0.064444
15 0.456341 0.424994 0.061567 0.113286
15 0.398946 0.509001 0.061856 0.114057
15 0.500647 0.527541 0.062141 0.113290
15 0.445050 0.611932 0.062284 0.115844
15 0.388733 0.696451 0.062718 0.114057
15 0.491153 0.715887 0.062432 0.114057
15 0.538838 0.708471 0.028912 0.052171
7 0.534667 0.776238 0.023161 0.066490
17 0.447936 0.524072 0.271531 0.635568
