7 0.355677 0.247761 0.023961 0.064599
13 0.350867 0.313387 0.022146 0.051012
13 0.391885 0.305512 0.049491 0.112636
13 0.506755 0.329649 0.048912 0.112295
13 0.442918 0.409589 0.049106 0.113320
13 0.378509 0.490495 0.049499 0.113661
13 0.493505 0.515273 0.048527 0.114345
13 0.429666 0.596238 0.049109 0.114001
13 0.364575 0.678575 0.049484 0.115719
13 0.480893 0.703564 0.049106 0.115715
13 0.521796 0.694503 0.021882 0.051942
7 0.517507 0.762580 0.022999 0.066968
17 0.434967 0.510172 0.276955 0.637407
