15 0.403174 0.454438 0.056581 0.033595
8 0.405726 0.411670 0.042829 0.041330
15 0.495805 0.447108 0.120560 0.071444
15 0.689210 0.453985 0.113424 0.069152
15 0.492069 0.525526 0.122597 0.072781
15 0.687171 0.529918 0.113428 0.070107
15 0.590047 0.574523 0.117502 0.071827
15 0.489186 0.608335 0.122257 0.073738
15 0.685474 0.609958 0.114109 0.071252
15 0.484940 0.689234 0.124634 0.075073
15 0.682926 0.688469 0.116481 0.072781
15 0.771055 0.677773 0.051619 0.033050
8 0.770788 0.721080 0.038562 0.041953
17 0.577849 0.566965 0.473389 0.392059
