13 0.365433 0.474100 0.044828 0.032856
7 0.367246 0.431776 0.044432 0.041768
13 0.444526 0.466135 0.097123 0.070870
13 0.555067 0.528314 0.093389 0.070678
13 0.665437 0.473585 0.089996 0.069341
13 0.438923 0.585488 0.098148 0.073161
13 0.663400 0.589117 0.092709 0.071635
13 0.550650 0.647571 0.096107 0.074310
13 0.432132 0.709463 0.099500 0.076601
13 0.660853 0.709178 0.093730 0.074499
13 0.736923 0.697906 0.040754 0.032856
7 0.736589 0.740933 0.041387 0.042432
17 0.539910 0.588155 0.479578 0.391156
