9 0.446600 0.771813 0.044784 0.061792
16 0.465873 0.670013 0.069518 0.095065
16 0.487152 0.742302 0.030971 0.045551
16 0.432452 0.474533 0.065954 0.086748
16 0.484589 0.551772 0.066398 0.089918
16 0.538510 0.631787 0.067292 0.093876
16 0.502303 0.439081 0.064392 0.084767
16 0.608807 0.604257 0.066175 0.091899
16 0.569816 0.414322 0.061274 0.082786
16 0.622177 0.489783 0.062163 0.087145
16 0.677656 0.569201 0.064392 0.090711
16 0.635656 0.381049 0.060160 0.081994
16 0.613814 0.319442 0.028045 0.035913
9 0.649529 0.297845 0.040632 0.048953
17 0.562383 0.542035 0.410739 0.570857
