14 0.282138 0.367022 0.057283 0.037594
8 0.276611 0.315260 0.053049 0.050172
14 0.375235 0.352392 0.125345 0.085094
14 0.647371 0.344795 0.121236 0.083859
14 0.383439 0.442865 0.122037 0.080787
14 0.648118 0.434673 0.117838 0.080233
14 0.521417 0.484744 0.116779 0.078428
14 0.395172 0.532375 0.117829 0.076635
14 0.649503 0.522315 0.114147 0.076635
14 0.401484 0.613892 0.114673 0.073379
14 0.650846 0.603291 0.112295 0.072885
14 0.735476 0.590131 0.051658 0.032689
8 0.734653 0.631950 0.044612 0.041109
17 0.502793 0.472231 0.572407 0.432045
