16 0.337422 0.432259 0.046370 0.030942
9 0.333103 0.390718 0.049582 0.040497
16 0.415965 0.423574 0.098484 0.066858
16 0.525319 0.461015 0.095090 0.065712
16 0.624651 0.425389 0.091352 0.065138
16 0.421400 0.497883 0.099845 0.069152
16 0.632211 0.496920 0.092339 0.066529
16 0.425097 0.575825 0.100590 0.072275
16 0.637674 0.571846 0.092730 0.069622
16 0.536680 0.612271 0.097149 0.071655
16 0.430678 0.655105 0.102158 0.075371
16 0.644826 0.647591 0.094302 0.072275
16 0.717582 0.635630 0.041581 0.031599
9 0.723833 0.677519 0.045668 0.041890
17 0.531199 0.543006 0.478316 0.378377
