13 0.405452 0.471325 0.045185 0.033595
13 0.484920 0.461037 0.098428 0.073343
8 0.403447 0.428181 0.044009 0.041773
13 0.707448 0.461795 0.091382 0.070325
13 0.488383 0.540392 0.098893 0.075155
13 0.712259 0.537995 0.092580 0.072197
13 0.605463 0.580770 0.097127 0.073735
13 0.492134 0.624228 0.099410 0.075148
13 0.718854 0.619256 0.093910 0.073159
13 0.495276 0.706338 0.100198 0.078462
13 0.724550 0.699266 0.094302 0.076696
13 0.799404 0.685230 0.042046 0.033154
8 0.803112 0.728978 0.040780 0.043779
17 0.602674 0.584513 0.489173 0.398367
