13 0.232681 0.352591 0.055009 0.039784
8 0.236217 0.299766 0.054225 0.052604
13 0.304406 0.610283 0.109690 0.076793
13 0.311953 0.527137 0.112571 0.079593
13 0.574177 0.533350 0.108889 0.077820
13 0.451083 0.486009 0.113105 0.080187
13 0.321684 0.435707 0.117304 0.084327
13 0.330889 0.343686 0.120986 0.089062
13 0.605739 0.354042 0.114147 0.085511
13 0.590220 0.444437 0.111516 0.081664
8 0.640663 0.649348 0.048648 0.042452
13 0.648846 0.606003 0.048648 0.032989
13 0.560635 0.615535 0.106637 0.075073
17 0.461469 0.465742 0.603075 0.440259
