14 0.284709 0.320038 0.041090 0.028844
8 0.284233 0.280550 0.036003 0.038266
14 0.353966 0.310342 0.092093 0.066938
14 0.563859 0.306703 0.098915 0.068847
14 0.354851 0.383040 0.091262 0.064976
14 0.456901 0.419199 0.093863 0.064799
14 0.561962 0.382065 0.098144 0.067241
14 0.356139 0.455345 0.089195 0.063656
14 0.560855 0.457334 0.095482 0.065424
14 0.357711 0.524944 0.088411 0.062771
14 0.559677 0.529365 0.095478 0.064099
14 0.632606 0.522071 0.044944 0.028488
8 0.632332 0.560850 0.038557 0.036672
17 0.462121 0.416523 0.436309 0.361383
