15 0.715138 0.652265 0.111783 0.070063
15 0.525118 0.667534 0.117550 0.074016
15 0.796641 0.634873 0.050517 0.032541
9 0.806824 0.676120 0.051331 0.043539
15 0.613898 0.621186 0.112420 0.071141
15 0.699490 0.576273 0.111141 0.069702
9 0.386477 0.403646 0.060121 0.044937
15 0.510013 0.589776 0.115383 0.072042
15 0.393452 0.446261 0.053829 0.034188
15 0.483566 0.431532 0.116486 0.071107
15 0.670984 0.424076 0.109324 0.068626
15 0.586527 0.465997 0.113725 0.070492
15 0.498198 0.509007 0.118144 0.071424
15 0.686451 0.498760 0.110413 0.069559
17 0.595103 0.551539 0.517950 0.395676
