14 0.237778 0.394214 0.058071 0.038588
7 0.235060 0.342636 0.053316 0.050048
14 0.331337 0.381223 0.127007 0.084050
14 0.603699 0.379505 0.122257 0.082522
14 0.469216 0.448370 0.121576 0.080422
14 0.337110 0.515993 0.122937 0.078513
14 0.599453 0.511409 0.117166 0.076984
14 0.470065 0.578648 0.116486 0.075073
14 0.342375 0.643216 0.117162 0.074310
14 0.594869 0.636435 0.112071 0.072590
14 0.680629 0.624557 0.051163 0.033256
7 0.679765 0.667277 0.045603 0.041560
17 0.460146 0.508930 0.566658 0.423811
