14 0.306434 0.358559 0.042438 0.030058
9 0.307612 0.318554 0.044009 0.040228
14 0.378508 0.350785 0.094216 0.066865
14 0.481970 0.389254 0.096860 0.066536
14 0.594531 0.353757 0.100672 0.069176
14 0.374298 0.423727 0.093049 0.065332
14 0.587397 0.429363 0.098824 0.067815
14 0.367911 0.498599 0.091283 0.065545
14 0.469025 0.539049 0.093338 0.066204
14 0.577625 0.506359 0.097446 0.067524
14 0.363742 0.570269 0.090405 0.065877
14 0.572724 0.580752 0.096860 0.067691
14 0.649022 0.574673 0.045099 0.030804
9 0.646759 0.615365 0.047541 0.042217
17 0.485642 0.467970 0.463170 0.367728
