16 0.180859 0.370394 0.058411 0.039542
8 0.187481 0.317191 0.053997 0.051577
16 0.280702 0.364471 0.127011 0.087299
16 0.551365 0.379084 0.122257 0.084816
16 0.269229 0.456297 0.124117 0.083878
16 0.398798 0.506421 0.121387 0.079789
16 0.533144 0.468700 0.119113 0.081577
16 0.259907 0.543757 0.121839 0.079278
16 0.520640 0.554370 0.116843 0.077999
16 0.248316 0.626870 0.119569 0.075184
16 0.502681 0.635564 0.114569 0.073140
16 0.593012 0.630371 0.051245 0.033106
8 0.582229 0.672822 0.047946 0.040097
17 0.409953 0.487861 0.616675 0.443818
