9 0.691456 0.349229 0.041507 0.044531
9 0.473183 0.738544 0.041507 0.057252
15 0.510497 0.724137 0.029569 0.050926
15 0.493633 0.646105 0.064222 0.103493
15 0.477693 0.484705 0.060986 0.096102
15 0.519044 0.553290 0.062372 0.096925
15 0.561550 0.625982 0.065145 0.105960
15 0.542838 0.464171 0.062837 0.096102
15 0.631085 0.608734 0.065606 0.104315
15 0.609832 0.449795 0.061911 0.096921
15 0.653493 0.517149 0.063299 0.098562
15 0.699003 0.590252 0.065608 0.105138
15 0.674516 0.430082 0.062834 0.095280
15 0.655573 0.361499 0.028646 0.043531
17 0.598279 0.548975 0.367129 0.473282
