14 0.561158 0.333353 0.023372 0.030943
17 0.531506 0.531781 0.343733 0.515095
14 0.481477 0.717043 0.024930 0.037438
9 0.452834 0.742259 0.035577 0.053484
9 0.587776 0.311449 0.033319 0.043544
14 0.459180 0.674330 0.055230 0.077937
14 0.466004 0.574804 0.054048 0.074500
14 0.420671 0.526417 0.052466 0.072274
14 0.473261 0.479890 0.052713 0.069841
14 0.531197 0.413363 0.054205 0.068958
14 0.514536 0.624991 0.054954 0.076693
14 0.576326 0.555370 0.054702 0.074927
14 0.580677 0.459335 0.053709 0.071167
14 0.631403 0.507629 0.056444 0.074483
14 0.584406 0.368273 0.053459 0.068519
