7 0.340887 0.409907 0.044711 0.039944
15 0.349851 0.451301 0.056189 0.031827
15 0.438460 0.436823 0.117093 0.068738
15 0.625887 0.427760 0.109233 0.065201
15 0.549266 0.488543 0.113949 0.069179
15 0.649854 0.539047 0.109233 0.068074
15 0.462035 0.552307 0.117877 0.071611
15 0.570286 0.603695 0.113553 0.070947
15 0.678146 0.653536 0.110022 0.069843
15 0.759834 0.635890 0.047575 0.030584
15 0.489061 0.671347 0.118613 0.072641
7 0.769722 0.676638 0.039462 0.039341
17 0.553161 0.555004 0.528794 0.396126
