9 0.328789 0.160764 0.026250 0.068936
9 0.520287 0.641729 0.025652 0.068936
13 0.328491 0.227048 0.022074 0.051968
13 0.368161 0.212730 0.049516 0.113480
13 0.426179 0.275306 0.049218 0.112420
13 0.484492 0.216708 0.048321 0.111891
13 0.367267 0.334167 0.050111 0.113484
13 0.483150 0.337879 0.049218 0.113484
13 0.365924 0.463025 0.050409 0.115603
13 0.364135 0.586053 0.050412 0.116662
13 0.423195 0.525866 0.051008 0.116133
13 0.481854 0.465870 0.049876 0.114005
13 0.480796 0.589287 0.050070 0.115715
13 0.521026 0.573340 0.022129 0.051279
17 0.423089 0.400248 0.244036 0.604328
