15 0.324205 0.478361 0.146025 0.081950
15 0.203368 0.403022 0.070439 0.040119
8 0.195592 0.350933 0.055474 0.051841
15 0.316077 0.387173 0.149690 0.086347
15 0.558224 0.382138 0.144991 0.085191
15 0.560398 0.472152 0.141615 0.080613
15 0.444765 0.527072 0.143312 0.078893
15 0.330202 0.568085 0.142817 0.077338
15 0.561682 0.560993 0.138704 0.076696
15 0.666266 0.628595 0.062153 0.033789
15 0.563932 0.642242 0.136520 0.073355
15 0.337756 0.650360 0.139914 0.074310
8 0.666021 0.671977 0.046615 0.041570
17 0.428876 0.508388 0.582885 0.434314
