13 0.595194 0.449815 0.057931 0.068131
13 0.644658 0.516757 0.060606 0.070508
17 0.537808 0.495373 0.366163 0.465129
9 0.428188 0.682071 0.040732 0.051335
9 0.620984 0.297410 0.035785 0.039057
13 0.589330 0.313314 0.024024 0.026852
13 0.464828 0.662005 0.027907 0.034268
13 0.446466 0.606404 0.062902 0.073333
13 0.422389 0.442814 0.058677 0.067351
13 0.466185 0.507248 0.059714 0.068131
13 0.512419 0.575777 0.062163 0.072881
13 0.483786 0.415353 0.057931 0.064961
13 0.548181 0.387031 0.056594 0.063777
13 0.608786 0.359500 0.056594 0.063376
13 0.580711 0.545078 0.060603 0.071697
