16 0.318381 0.428574 0.047692 0.032963
7 0.319903 0.386051 0.042614 0.040669
16 0.398796 0.422938 0.101469 0.070775
16 0.612369 0.430413 0.093514 0.068074
16 0.507653 0.483680 0.097838 0.070286
16 0.397634 0.539820 0.102554 0.073379
16 0.612959 0.542252 0.094694 0.069843
16 0.507065 0.599496 0.100590 0.072054
16 0.393917 0.659868 0.104492 0.074460
16 0.613602 0.658135 0.095965 0.071323
16 0.688428 0.648307 0.042326 0.031691
7 0.688908 0.690394 0.039350 0.041165
17 0.500028 0.542225 0.466955 0.385477
